{
    "frame_00001": [
        [
            0.6550623559110085,
            0.04412189637573048,
            -0.7542854685916524,
            -0.6576535994481432
        ],
        [
            -0.7555566890381107,
            0.031335582654160386,
            -0.6543333790274587,
            -0.7312519166272217
        ],
        [
            -0.005234454898745414,
            0.9985345960556068,
            0.053863354537007954,
            -0.009312509441338039
        ],
        [
            0.0,
            -0.0,
            -0.0,
            1.0
        ]
    ],
    "frame_00002": [
        [
            0.6503029039825312,
            0.05726342855832741,
            -0.757513717909869,
            -0.6472154936923641
        ],
        [
            -0.7595531936976172,
            0.03115402194339455,
            -0.6496986785122013,
            -0.7207817116655335
        ],
        [
            -0.013604374871236653,
            0.9978729010582942,
            0.06375417098407787,
            -0.013929345620478522
        ],
        [
            0.0,
            -0.0,
            -0.0,
            1.0
        ]
    ],
    "frame_00003": [
        [
            0.6439468214114564,
            0.06904896184624267,
            -0.7619479851420554,
            -0.6488099938163435
        ],
        [
            -0.764811535197045,
            0.032199815010354,
            -0.6434489004908146,
            -0.7031218691077203
        ],
        [
            -0.019894894410910934,
            0.9970934824685473,
            0.07354441103934135,
            -0.01621948662167504
        ],
        [
            0.0,
            -0.0,
            -0.0,
            1.0
        ]
    ],
    "frame_00004": [
        [
            0.6308891874192885,
            0.07442537565929122,
            -0.7722950839254402,
            -0.6419457668324122
        ],
        [
            -0.775645586979381,
            0.03640441430990136,
            -0.6301179588126052,
            -0.6767395353108101
        ],
        [
            -0.01878181558957242,
            0.9965618807062239,
            0.08069486555186084,
            -0.01474899954592649
        ],
        [
            0.0,
            -0.0,
            -0.0,
            1.0
        ]
    ],
    "frame_00005": [
        [
            0.6140062548073042,
            0.08161074513470955,
            -0.7850707008518819,
            -0.6509943117279181
        ],
        [
            -0.7887461881370608,
            0.026149057192522158,
            -0.6141625823079735,
            -0.6657242416709822
        ],
        [
            -0.029593407319261827,
            0.9963211897207144,
            0.08042584880954994,
            -0.01339929610662653
        ],
        [
            0.0,
            -0.0,
            -0.0,
            1.0
        ]
    ],
    "frame_00006": [
        [
            0.5805437493329968,
            0.08839058424375776,
            -0.8094171110913294,
            -0.6705456909088056
        ],
        [
            -0.8126389250809756,
            0.0008020778492003686,
            -0.5827669638151773,
            -0.6402443333575432
        ],
        [
            -0.0508618968740144,
            0.9960855692600766,
            0.07229527064895856,
            -0.015690436097590982
        ],
        [
            0.0,
            -0.0,
            -0.0,
            1.0
        ]
    ],
    "frame_00007": [
        [
            0.5821725976787464,
            0.07817055535633285,
            -0.8092987277805782,
            -0.6899637206528658
        ],
        [
            -0.8115670554026955,
            -0.004528479750212141,
            -0.5842417371740485,
            -0.6322043751604032
        ],
        [
            -0.04933539395787081,
            0.996929715248991,
            0.06080429061001589,
            -0.016697369631987903
        ],
        [
            0.0,
            -0.0,
            -0.0,
            1.0
        ]
    ],
    "frame_00008": [
        [
            0.5927857762274878,
            0.07731045848724181,
            -0.8016408899943086,
            -0.6977121651171008
        ],
        [
            -0.8038179175655267,
            -0.004776262583708592,
            -0.5948562370155932,
            -0.6225711772043435
        ],
        [
            -0.04981745580612158,
            0.9969956270336514,
            0.059312231224100814,
            -0.016619543135290585
        ],
        [
            0.0,
            -0.0,
            -0.0,
            1.0
        ]
    ],
    "frame_00009": [
        [
            0.586355714871516,
            0.1032035333552278,
            -0.8034525538826235,
            -0.7120236903254935
        ],
        [
            -0.8080005169660263,
            0.003940830885558483,
            -0.5891685959337664,
            -0.6049594721800886
        ],
        [
            -0.05763801020288163,
            0.994652452143425,
            0.08569923701483399,
            -0.018570979436220374
        ],
        [
            0.0,
            -0.0,
            -0.0,
            1.0
        ]
    ],
    "frame_00010": [
        [
            0.5674266015869377,
            0.1291281467587093,
            -0.813236111794207,
            -0.7127024267332488
        ],
        [
            -0.8210898982710495,
            0.014420911728574065,
            -0.570616698197796,
            -0.5696919343612465
        ],
        [
            -0.061955070565181944,
            0.9915230501705837,
            0.11420862581996763,
            -0.025111304719363063
        ],
        [
            0.0,
            -0.0,
            -0.0,
            1.0
        ]
    ],
    "frame_00011": [
        [
            0.5616958596678714,
            0.1334488448657523,
            -0.8165103594174219,
            -0.7208031728944864
        ],
        [
            -0.8251239367980997,
            0.0181104026017623,
            -0.564661404950266,
            -0.5548310118014759
        ],
        [
            -0.060566080893326636,
            0.9908902154737418,
            0.12028437439511652,
            -0.026054572074425672
        ],
        [
            0.0,
            -0.0,
            -0.0,
            1.0
        ]
    ],
    "frame_00012": [
        [
            0.5570798454427405,
            0.12968797886517822,
            -0.8202701225446146,
            -0.7184816995633783
        ],
        [
            -0.8282638990876745,
            0.014998390706497814,
            -0.5601374489750688,
            -0.526810416420165
        ],
        [
            -0.06034036186148262,
            0.9914414135056493,
            0.11577117221633809,
            -0.022520572847017646
        ],
        [
            0.0,
            -0.0,
            -0.0,
            1.0
        ]
    ],
    "frame_00013": [
        [
            0.5459649862694239,
            0.1314721067741922,
            -0.8274281351925272,
            -0.7403602215706544
        ],
        [
            -0.8353324273290622,
            0.00955623474234755,
            -0.549662090952329,
            -0.4927338841469097
        ],
        [
            -0.06435813561908764,
            0.9912738085503443,
            0.11504028364764478,
            -0.021573553132666973
        ],
        [
            0.0,
            -0.0,
            -0.0,
            1.0
        ]
    ],
    "frame_00014": [
        [
            0.5336397560446281,
            0.1377822902091532,
            -0.8344127583356753,
            -0.7431140526643679
        ],
        [
            -0.8425144583195118,
            0.0008970694282219956,
            -0.5386729831623455,
            -0.46689862503047264
        ],
        [
            -0.07347107111788334,
            0.9904621324266575,
            0.11656228351241804,
            -0.02424700870285098
        ],
        [
            0.0,
            -0.0,
            -0.0,
            1.0
        ]
    ],
    "frame_00015": [
        [
            0.5333030604023226,
            0.11476110186472417,
            -0.8381036542482746,
            -0.7610796528267982
        ],
        [
            -0.8431805408462635,
            -0.007616844967393508,
            -0.537576561255181,
            -0.43807158465540325
        ],
        [
            -0.06807658410730906,
            0.9933639177922344,
            0.09270224120669018,
            -0.025707709310809148
        ],
        [
            0.0,
            -0.0,
            -0.0,
            1.0
        ]
    ],
    "frame_00016": [
        [
            0.5442618282910855,
            0.08266302652738063,
            -0.8348328493240901,
            -0.7589771039178502
        ],
        [
            -0.8371904710930804,
            -0.010263463916399682,
            -0.5468151208766844,
            -0.3965812257357709
        ],
        [
            -0.053769669667865005,
            0.9965247038351686,
            0.06361868648469828,
            -0.023219850082700808
        ],
        [
            0.0,
            -0.0,
            -0.0,
            1.0
        ]
    ],
    "frame_00017": [
        [
            0.5315615547760149,
            0.09049386544057386,
            -0.8421717009029269,
            -0.7689491363174433
        ],
        [
            -0.8452248527839218,
            -0.008022002453862228,
            -0.534350629936026,
            -0.3776279251231794
        ],
        [
            -0.05511135745473329,
            0.9958647035587985,
            0.07222347599806501,
            -0.02131286565310747
        ],
        [
            0.0,
            -0.0,
            -0.0,
            1.0
        ]
    ],
    "frame_00018": [
        [
            0.4932395116435265,
            0.10966597958434755,
            -0.8629531604180269,
            -0.7887442035277655
        ],
        [
            -0.8673281484377924,
            -0.014132274235700756,
            -0.4975360909043661,
            -0.3484790580839678
        ],
        [
            -0.06675827350318649,
            0.9938680253166073,
            0.08814579497707943,
            -0.02224596167638739
        ],
        [
            0.0,
            -0.0,
            -0.0,
            1.0
        ]
    ],
    "frame_00019": [
        [
            0.4787676807792688,
            0.1244596114453787,
            -0.8690749754538473,
            -0.8436180950291164
        ],
        [
            -0.875778826168182,
            -0.0017364921161645104,
            -0.4827094697958718,
            -0.34306207213039436
        ],
        [
            -0.061586974895030504,
            0.9922231551994721,
            0.1081677161138343,
            -0.015407759382924463
        ],
        [
            0.0,
            -0.0,
            -0.0,
            1.0
        ]
    ],
    "frame_00020": [
        [
            0.45415113965623805,
            0.12341086299824408,
            -0.8823358211264964,
            -0.8212379858693806
        ],
        [
            -0.8894100635313588,
            0.005078824522667072,
            -0.45708198874010775,
            -0.2905224724039459
        ],
        [
            -0.05192765388580565,
            0.9923426648267706,
            0.11206941744481147,
            -0.023419769518996884
        ],
        [
            0.0,
            -0.0,
            -0.0,
            1.0
        ]
    ],
    "frame_00021": [
        [
            0.4271123240932633,
            0.12849582493674205,
            -0.8950217235248972,
            -0.8274116568961386
        ],
        [
            -0.9021486458676764,
            -0.0060561989581840526,
            -0.4313828267482339,
            -0.2624254062365953
        ],
        [
            -0.06085132181612164,
            0.9916915576064994,
            0.11333565725413068,
            -0.02695512238698246
        ],
        [
            0.0,
            -0.0,
            -0.0,
            1.0
        ]
    ],
    "frame_00022": [
        [
            0.39916915385737073,
            0.13908069149145105,
            -0.9062673710683014,
            -0.8632996468908204
        ],
        [
            -0.9141201298714332,
            -0.016228933680793006,
            -0.40511851337036975,
            -0.23305455835377734
        ],
        [
            -0.07105191603767388,
            0.9901480611332045,
            0.1206583700434045,
            -0.022182287708584002
        ],
        [
            0.0,
            -0.0,
            -0.0,
            1.0
        ]
    ],
    "frame_00023": [
        [
            0.39156248568505747,
            0.1344382368602121,
            -0.9102775292591028,
            -0.8698700748351228
        ],
        [
            -0.9184367837828609,
            -0.0032640928641658735,
            -0.39555431977462774,
            -0.19754092317406083
        ],
        [
            -0.05614885572060664,
            0.9909165989969547,
            0.12219492556393204,
            -0.025639627032982414
        ],
        [
            0.0,
            -0.0,
            -0.0,
            1.0
        ]
    ],
    "frame_00024": [
        [
            0.37799803542801147,
            0.12539768129368645,
            -0.9172747171587858,
            -0.8713346925284984
        ],
        [
            -0.9244486962613203,
            -0.002514929782578317,
            -0.38129815513444787,
            -0.16722384468772145
        ],
        [
            -0.05012078604040897,
            0.9921033699440575,
            0.11497308446908715,
            -0.023206389193224652
        ],
        [
            0.0,
            -0.0,
            -0.0,
            1.0
        ]
    ],
    "frame_00025": [
        [
            0.34688031916447326,
            0.13842300366723,
            -0.9276384620271495,
            -0.905853159256561
        ],
        [
            -0.9361946761731401,
            -0.008677983206382809,
            -0.3513747585022851,
            -0.13830592554029458
        ],
        [
            -0.05668838047980022,
            0.9903351779388694,
            0.12658065750882175,
            -0.01831972950577229
        ],
        [
            0.0,
            -0.0,
            -0.0,
            1.0
        ]
    ],
    "frame_00026": [
        [
            0.32404465203288785,
            0.14826885759579764,
            -0.9343507956630218,
            -0.8840562110408621
        ],
        [
            -0.9444005197320096,
            -0.007453528148016978,
            -0.3287127975118362,
            -0.09262896585702089
        ],
        [
            -0.05570208091979496,
            0.9889190011246545,
            0.137609910238401,
            -0.030346065873384405
        ],
        [
            0.0,
            -0.0,
            -0.0,
            1.0
        ]
    ],
    "frame_00027": [
        [
            0.31281601806495973,
            0.16266300303107933,
            -0.9357814308303481,
            -0.923027672231106
        ],
        [
            -0.9486021717240744,
            0.003756834516476417,
            -0.3164487414966061,
            -0.05788428436883417
        ],
        [
            -0.047958926618022486,
            0.986674532781366,
            0.1554776759484146,
            -0.013194022581107339
        ],
        [
            0.0,
            -0.0,
            -0.0,
            1.0
        ]
    ],
    "frame_00028": [
        [
            0.2617505733834648,
            0.16276274700534718,
            -0.9513122124311771,
            -0.8935599086387084
        ],
        [
            -0.964142315730418,
            -0.0006096757328626583,
            -0.26538504726809253,
            -0.011185619504626076
        ],
        [
            -0.04377479127779381,
            0.9866650477658435,
            0.15676686883972482,
            -0.025836071308605494
        ],
        [
            0.0,
            -0.0,
            -0.0,
            1.0
        ]
    ],
    "frame_00029": [
        [
            0.23489711458728216,
            0.16825548503564583,
            -0.9573470829923643,
            -0.9056359715839274
        ],
        [
            -0.9701049096740314,
            -0.02121839943723204,
            -0.24175657954161586,
            0.024579054503889464
        ],
        [
            -0.06099024335833407,
            0.9855150284398211,
            0.15824133130869933,
            -0.021826101147963857
        ],
        [
            0.0,
            -0.0,
            -0.0,
            1.0
        ]
    ],
    "frame_00030": [
        [
            0.2212385517180381,
            0.16266716276768883,
            -0.9615575372232361,
            -0.8784190387885686
        ],
        [
            -0.9739446536077815,
            -0.013549082486147298,
            -0.22638072813868707,
            0.06106500356845727
        ],
        [
            -0.04985293313861795,
            0.9865879669451142,
            0.15543123410879373,
            -0.03286851646864765
        ],
        [
            0.0,
            -0.0,
            -0.0,
            1.0
        ]
    ],
    "frame_00031": [
        [
            0.19300517664958045,
            0.16077124196665324,
            -0.9679367797242562,
            -0.8749768032199688
        ],
        [
            -0.9800060148063652,
            -0.017019353327205795,
            -0.19823862528697514,
            0.08943666257263694
        ],
        [
            -0.048344728045674086,
            0.9868449469743577,
            0.15427196083983094,
            -0.0296887760496996
        ],
        [
            0.0,
            -0.0,
            -0.0,
            1.0
        ]
    ],
    "frame_00032": [
        [
            0.15269285341125302,
            0.1747522062975516,
            -0.9727006522621786,
            -0.8726852143581579
        ],
        [
            -0.9865105630273784,
            -0.03181422884541003,
            -0.1605763490629211,
            0.1356021378790413
        ],
        [
            -0.05900679242709975,
            0.9840983290490387,
            0.16753709204338985,
            -0.028649530920923254
        ],
        [
            0.0,
            -0.0,
            -0.0,
            1.0
        ]
    ],
    "frame_00033": [
        [
            0.1255652001789218,
            0.18090334266116673,
            -0.9754523879298486,
            -0.8656507985935804
        ],
        [
            -0.9903820119668411,
            -0.034735165322576866,
            -0.13392885672074192,
            0.16964138848374316
        ],
        [
            -0.05811067781861651,
            0.9828873022396971,
            0.17480188848931594,
            -0.031112351397746242
        ],
        [
            0.0,
            -0.0,
            -0.0,
            1.0
        ]
    ],
    "frame_00034": [
        [
            0.08703403370763887,
            0.17480914220680108,
            -0.9807481026122352,
            -0.8460327480894044
        ],
        [
            -0.9950327486404383,
            -0.03249799635560678,
            -0.09409415160319347,
            0.2008146970089227
        ],
        [
            -0.04832086619289196,
            0.9840658738284713,
            0.17111238954726612,
            -0.029938461328035758
        ],
        [
            0.0,
            -0.0,
            -0.0,
            1.0
        ]
    ],
    "frame_00035": [
        [
            0.051123425598689404,
            0.17897161934964548,
            -0.9825250911922915,
            -0.8483765689480762
        ],
        [
            -0.9971486117243029,
            -0.04553259918744021,
            -0.06017830628666034,
            0.23051908734377244
        ],
        [
            -0.05550713009470451,
            0.9828000518307889,
            0.17613351932567545,
            -0.028284595686683112
        ],
        [
            0.0,
            -0.0,
            -0.0,
            1.0
        ]
    ],
    "frame_00036": [
        [
            0.010507061242257455,
            0.1918362988568954,
            -0.9813706925035712,
            -0.8313768876303718
        ],
        [
            -0.9968417419313129,
            -0.0752482048824133,
            -0.025382064638625825,
            0.27825966352537723
        ],
        [
            -0.07871558427272522,
            0.978537961503212,
            0.19043979282109427,
            -0.029607573160149427
        ],
        [
            0.0,
            -0.0,
            -0.0,
            1.0
        ]
    ]
}